round,left_x,left_y,right_x,right_y,rel_x,rel_y,dist,angle,left_velocity,right_velocity,rel_velocity,target
1,-408.286741977446,97.6781924510235,-404.906195106471,-107.731422437964,-3.38054687097514,205.409614888987,205.437430829897,-0.942865229950093,0,0,0,5
2,-408.614593715041,97.8669099653264,-405.026629081777,-109.308677044041,-3.58796463326411,207.175587009367,207.20665371287,-0.992176175305209,-0.00107862141461033,-0.000396223810690923,-0.000682397603919411,5
3,-409.067091151779,96.4297963634837,-404.962893260003,-110.814225277807,-4.10419789177536,207.24402164129,207.284656804093,-1.13451998062272,-0.00148870165795797,0.000209688753663592,-0.00169839041162157,5
4,-412.697119582271,96.7617151507542,-407.764495666197,-112.616408606904,-4.93262391607425,209.378123757659,209.436218183424,-1.34955008751752,-0.0119426739339543,-0.00921717960903497,-0.00272549432491931,5
5,-419.030425774556,95.3419210589594,-415.854176816026,-115.383143704522,-3.17624895852998,210.725064763482,210.749001129353,-0.863551187317133,-0.0208363687025137,-0.0266147844437002,0.00577841574118653,5
6,-424.039323712277,92.1352860413525,-425.513144666809,-117.348257137163,1.47382095453241,209.483543178515,209.488727646217,0.403097665531758,-0.016479109181669,-0.0317776859848972,0.0152985768032282,5
7,-398.322538779559,83.2923183515,-438.177062457609,-121.539132626974,39.8545236780493,204.831450978474,208.672725499887,11.0105986179031,0.0846073751106637,-0.0416638722803029,0.126271247390967,5
8,-337.248409065552,72.3063219422051,-453.539742597885,-125.335761775985,116.291333532332,197.64208371819,229.316522542961,30.4722822469633,0.200931874485459,-0.0505427114911172,0.251474585976576,4
9,-305.691708599979,69.641688475284,-467.884658190725,-125.674496657472,162.192949590746,195.316185132756,253.87982407383,39.7066553116117,0.103820504799914,-0.0471942996634152,0.15101480446333,4
10,-300.05967793814,69.5641535055955,-484.481352755907,-122.564939237418,184.421674817767,192.129092743013,266.31737160922,43.8274068184413,0.0185291953130088,-0.054602578290688,0.0731317736036968,4
11,-317.930527092811,77.6436465031489,-502.781057179661,-120.052487215547,184.85053008685,197.696133718696,270.653800565797,43.0767772874789,-0.0587945049091905,-0.0602054246145286,0.00141091970533809,1
12,-317.291719182638,76.7211698600093,-497.431897269446,-108.796730152466,180.140178086808,185.517900012476,258.587267641285,44.1574135070855,0.00210165697699156,0.0175985598602066,-0.0154969028832151,1
13,-330.955545013874,79.9540921835485,-494.02574629906,-108.779832796749,163.070201285187,188.733924980298,249.424106665053,40.8277264665731,-0.0449535367883161,0.0112061244665285,-0.0561596612548445,1
14,-345.653408070645,82.6878094542521,-489.173602182953,-107.851124594976,143.520194112307,190.538934049228,238.543772726622,36.9882620257731,-0.0483554851908177,0.0159633942732941,-0.0643188794641119,1
15,-362.824431497641,84.201701246754,-475.253508112825,-105.041481473903,112.429076615184,189.243182720657,220.121056409392,30.7144801088388,-0.0564921013230361,0.0457966508507331,-0.102288752173769,1
16,-383.056155062156,87.7912006481567,-413.227311213803,-99.7274914338035,30.1711561516462,187.51869208196,189.930404473997,9.14036978694138,-0.0665617039313674,0.204064144155398,-0.270625848086766,2
17,-417.225311393265,88.3455718591782,-342.546761141815,-89.6815323705678,-74.67855025145,178.027104229746,193.055783928084,-22.7570037742842,-0.112415398522195,0.232536680950372,-0.344952079472567,2
18,-449.960804693681,84.1787330091485,-294.161963786657,-83.7504534737382,-155.798840907025,167.929186482887,229.070928973487,-42.8540857191456,-0.107698694387621,0.159184389113633,-0.266883083501254,2
19,-474.664909937865,77.5719904855852,-283.033711668506,-84.3769630453535,-191.631198269359,161.948953530939,250.898345351094,-49.7985984437876,-0.0812756923012114,0.0366115828144819,-0.117887275115693,2
20,-491.916113237439,73.90775075566,-310.588958523562,-87.282723999909,-181.327154713877,161.190474755569,242.614727888799,-48.3645576130778,-0.0567558904620467,-0.0906558542614164,0.0338999637993696,3
21,-501.597160136373,69.1800239565647,-314.440549862167,-87.8076276085798,-187.156610274206,156.987651565145,244.280002278677,-50.0099524174512,-0.0318503253258529,-0.0126716086015768,-0.0191787167242761,3
22,-505.723849851024,68.878002734082,-326.678871637952,-89.8461704557911,-179.044978213072,158.724173189873,239.270698954403,-48.4428683027662,-0.0135766731948143,-0.0402636754134669,0.0266870022186526,3
23,-505.660757212768,69.4831939107383,-347.268160971623,-94.8712286083984,-158.392596241145,164.354422519137,228.255538258351,-43.941745020444,0.000207572701082953,-0.0677380835307936,0.0679456562318766,3
24,-449.899653680309,66.2641976991684,-372.836840524673,-101.94767069391,-77.0628131556355,168.211868393078,185.024079080942,-24.6139110119618,0.183452193402032,-0.0841201132913421,0.267572306693374,4
25,-375.648049350003,72.9188615014862,-400.216634143739,-107.799489582896,24.5685847937351,180.718351084382,182.38074947051,7.74187440544848,0.244285331800955,-0.0900786188958507,0.334363950696805,4
26,-311.060404188177,74.0574213917394,-427.093197367165,-110.38759257264,116.032793178988,184.445013964379,217.907256118831,32.1736496702544,0.212491224545293,-0.0884230074746599,0.300914232019953,4
27,-273.611044708782,68.1034558554659,-450.265521628085,-110.606376653298,176.654476919303,178.709832508764,251.284715911937,44.6686164467681,0.123207158803752,-0.0762361833354733,0.199443342139225,4
28,-258.721520319161,58.749494472689,-467.475837368398,-107.105602266738,208.754317049238,165.855096739427,266.620100519706,51.5328934359561,0.0489860446610229,-0.0566213717392466,0.105607416400269,4
29,-286.73513870408,66.4112475315222,-478.383283905498,-100.007844598406,191.648145201417,166.419092129928,253.819474793588,49.0303416097601,-0.0921638814922194,-0.0358851397279366,-0.0562787417642828,1
30,-295.570682373148,67.0518144899864,-483.505368811814,-95.0239031084457,187.934686438667,162.075717598432,248.169266029955,49.2253682884761,-0.0290686475572752,-0.0168514905790598,-0.0122171569782154,1
31,-317.387070008115,71.2903630092973,-475.649992563968,-90.241273493557,158.262922555853,161.531636502854,226.14071337822,44.4143834328491,-0.0717751965115615,0.0258439290360648,-0.0976191255476263,1
32,-344.329478827826,77.1299443689053,-422.167336174439,-92.0327328927305,77.8378573466131,169.162677261636,186.211555534655,24.7088667491953,-0.0886396373169491,0.175956177372188,-0.264595814689137,2
33,-372.359269581453,82.4836488429865,-355.977028616962,-91.1650789273974,-16.3822409644916,173.648727770384,174.41977661748,-5.3894051350464,-0.0922170880524208,0.217763931022379,-0.3099810190748,2
34,-398.576611002373,81.855273805342,-303.389368974412,-92.2775487040298,-95.1872420279608,174.132822509372,198.451129802705,-28.6625973214194,-0.0862541894644865,0.173011667563024,-0.25926585702751,2
35,-424.61648504918,78.1143091361802,-277.131773993917,-89.6371466054294,-147.484711055263,167.75145574161,223.365823031375,-41.3214784482148,-0.0856703276508624,0.0863866223492129,-0.172056950000075,2
36,-449.886262462288,74.4827312470349,-283.663871541786,-89.7396660513097,-166.222390920502,164.222397298345,233.664030218054,-45.3467744037368,-0.0831367350991745,-0.0214903857125968,-0.0616463493865777,3
37,-471.35995139525,69.1340286438136,-295.298216071528,-92.8762271555999,-176.061735323722,162.010255799414,239.259394025379,-47.3800473497061,-0.0706477290732161,-0.0382766101738563,-0.0323711188993598,3
38,-483.459954169423,62.5380022959458,-296.54183752324,-94.7112916507251,-186.918116646183,157.249293946671,244.26568071934,-49.926980779226,-0.0398086104555044,-0.00409147360122826,-0.0357171368542762,3
39,-496.204517575518,61.4695225275921,-317.061399074045,-97.7731867309263,-179.143118501473,159.242709258518,239.688333797091,-48.3656778161482,-0.0419291936975092,-0.0675086814225597,0.0255794877250505,3
40,-491.156584104589,60.7672287688101,-336.727290250178,-104.486693317968,-154.429293854411,165.253922086778,226.179719615696,-43.0606781464832,0.0166075347997797,-0.0647001340166643,0.081307668816444,3
41,-409.721943945465,56.6579151022224,-357.599717472059,-111.41228066485,-52.1222264734065,168.070195767073,175.96680709079,-17.2298011442768,0.267917283010726,-0.0686695978541634,0.33658688086489,4
42,-328.066866859278,57.3606271435082,-374.813995251665,-114.45830148548,46.7471283923871,171.818928628988,178.064702420631,15.2201705024724,0.268642513237797,-0.0566344067179801,0.325276919955777,4
43,-275.846880842582,60.1299381970727,-386.19998566641,-111.968063117726,110.353104823828,172.098001314799,204.439550480838,32.6689048756437,0.171802033448097,-0.0374595333183008,0.209261566766398,4
44,-257.591766756886,53.2953435879297,-402.816832767654,-108.273014859399,145.225066010768,161.568358447329,217.243306569377,41.9506601956318,0.0600587238714851,-0.0546688794703434,0.114727603341829,4
45,-277.177574989341,50.896873972841,-421.777677763669,-105.900443606848,144.600102774327,156.797317579689,213.294605000998,42.6825687652275,-0.0644366637705439,-0.0623805553139742,-0.00205610845656973,1
46,-295.88906924898,56.4993286096797,-432.407376997776,-98.9752859180713,136.518307748796,155.474614527751,206.904818970336,41.2855457562428,-0.0615601996069175,-0.0349713602523253,-0.0265888393545922,1
47,-313.897106877655,61.6877885621933,-439.880537672738,-93.351155020605,125.983430795083,155.038943582798,199.772117329145,39.0970395604463,-0.0592458504685742,-0.0245864523945367,-0.0346593980740375,1
48,-330.096447969371,67.7934317409934,-436.507450233238,-88.3377098333676,106.411002263867,156.131141574361,188.945057548785,34.2763418358552,-0.0532952984550067,0.0110973465392932,-0.0643926449942999,1
49,-345.550863292429,75.6106258469522,-402.773894348444,-84.921470543144,57.2230310560147,160.532096390096,170.426022821155,19.6190416002437,-0.050844517219975,0.110982287406006,-0.161826804625981,2
50,-366.351165705597,82.9162113702713,-337.260527135739,-85.2616751266702,-29.0906385698576,168.177886496941,170.675325571625,-9.81365333500746,-0.0684323096098679,0.215536819591943,-0.283969129201811,2
51,-383.07229920111,84.9619055492318,-283.286315775033,-84.4117781699215,-99.7859834260769,169.373683719153,196.582520140792,-30.504334277707,-0.0550119782714564,0.17757337703158,-0.232585355303036,2
52,-400.875623503215,83.4082755557567,-253.271853077252,-80.6097977513214,-147.603770425963,164.018073307078,220.655390632829,-41.9848007907592,-0.0585723503690645,0.0987465933576108,-0.157318943726675,2
53,-420.598536799854,82.8053595017079,-253.508280214513,-81.6210539930035,-167.090256585341,164.426413494711,234.425253120241,-45.4603801118385,-0.0648877349143613,-0.000777837491774389,-0.064109897422587,2
54,-435.49846550024,82.5655913986001,-268.683769256517,-85.2922502436378,-166.814696243723,167.857841642238,236.650370554699,-44.8214145816059,-0.049020274500638,-0.0499268589453866,0.000906584444748577,3
55,-441.733902398222,75.4631076601597,-277.949132700804,-90.1671151234987,-163.784769697418,165.630222783658,232.935230234073,-44.6790201739732,-0.0205143819488604,-0.0304827404560248,0.00996835850716443,3
56,-450.621129733983,75.7428933941779,-295.559550059345,-94.3601957686378,-155.061579674638,170.103089162816,230.172010535441,-42.3514924171774,-0.0292386851178218,-0.0579376928806454,0.0286990077628236,3
57,-463.872865788652,73.6318156226747,-316.421002958676,-99.079763569635,-147.451862829975,172.71157919231,227.093243931059,-40.4889184758427,-0.0435977750009648,-0.0686334926945566,0.0250357176935919,3
58,-458.390458654116,74.0832079286007,-338.207284887415,-105.22910771411,-120.183173766701,179.312315642711,215.86315525765,-33.8317704453803,0.0180369388379839,-0.0716761497299923,0.0897130885679762,3
59,-376.423955298808,78.9863330036473,-365.462634497029,-114.318790531573,-10.9613208017789,193.30512353522,193.615653650954,-3.24546792795729,0.269667095402316,-0.0896692022049445,0.359336297607261,4
60,-318.385428762663,76.4258344033631,-399.73664766382,-118.285389928974,81.3512189011572,194.711224332338,211.022467281808,22.6753898957058,0.190944840047505,-0.11276037405676,0.303705214104265,4
61,-289.822624321883,68.061971159757,-431.126101267154,-119.180180742197,141.303476945272,187.242151901954,234.576844649461,37.0402610761279,0.0939706855213908,-0.103270268133607,0.197240953654998,4
62,-282.049526350623,61.5443213668965,-461.525982480957,-117.535999521896,179.476456130334,179.080320888792,253.538083203957,45.0633006253874,0.0255732362170043,-0.100014607576534,0.125587843793538,4
63,-307.141212148224,69.9357258606357,-480.173522915071,-111.275340725366,173.032310766847,181.211066586001,250.554647178118,43.6773924871205,-0.0825508195519285,-0.0613497936280961,-0.0212010259238324,1
64,-315.208820608991,71.4866759973545,-487.542767284799,-102.509184172347,172.333946675808,173.995860169701,244.894974495302,44.7250600544263,-0.0265421660239377,-0.0242445711741544,-0.00229759484978323,1
65,-332.833752416033,75.039713467444,-481.96106468258,-95.9410079036174,149.127312266547,170.980721371061,226.877416999605,41.0945424893667,-0.0579854449379915,0.0183636176550714,-0.0763490625930629,1
66,-357.609769179182,81.2135535389922,-452.874930914561,-91.0815872996475,95.2651617353787,172.29514083864,196.878304028338,28.9390153281615,-0.0815122788292624,0.0956924217653232,-0.177204700594586,2
67,-389.476058674494,85.7441218024226,-375.29392032582,-87.6917446313371,-14.1821383486737,173.43586643376,174.014748839775,-4.67476995394526,-0.1048390425074,0.255238968693756,-0.360078011201156,2
68,-424.399338030167,86.3346763809495,-306.29121026633,-88.2494311634951,-118.108127763838,174.584107544445,210.782210945253,-34.0787969445715,-0.114896438426128,0.227016642590818,-0.341913081016946,2
69,-451.569710560918,82.2568452359136,-271.495146237982,-85.2005963784465,-180.074564322936,167.45744161436,245.904134711318,-47.0792056859065,-0.089389630415312,0.114477904190725,-0.203867534606037,2
70,-467.302931409701,82.5010319662328,-279.666710004057,-84.6807076723136,-187.636221405644,167.181739638546,251.310735250125,-48.2993251371336,-0.0517617782135117,-0.0268841755532787,-0.024877602660233,3
71,-481.048153664403,76.8603572653779,-287.752021517527,-87.0197245628736,-193.296132146876,163.880081828252,253.416802763702,-49.7080973901656,-0.0452213283396671,-0.0266004084840469,-0.0186209198556201,3
72,-492.216312355397,72.890069283361,-306.816473778266,-93.2170344123232,-185.399838577132,166.107103695684,248.927037588518,-48.1415718258405,-0.0367428741242934,-0.0627214198012584,0.025978545676965,3
73,-499.207906484198,71.7449842277157,-333.313361092737,-99.844471241184,-165.894545391461,171.5894554689,238.671199391031,-44.0332479596812,-0.0230021143243457,-0.0871738862437803,0.0641717719194346,4
74,-426.529221900049,67.7295827683103,-370.33998620594,-109.782364946116,-56.1892356941093,177.511947714426,186.192700687372,-17.5645462617466,0.239110477660743,-0.121816376667254,0.360926854327997,4
75,-354.062177402092,64.6851215525382,-408.205676528654,-116.174695977373,54.1434991265614,180.859817529912,188.790338986456,16.6659759222598,0.238414188750301,-0.124576873560979,0.36299106231128,4
76,-294.227074148982,66.3646154075301,-443.3960270933,-116.754501586969,149.168952944319,183.119116994499,236.186340695962,39.16628284193,0.196855518252618,-0.115775093904173,0.31263061215679,4
77,-272.48629970847,56.3416314218018,-479.330533645846,-116.099048827925,206.844233937376,172.440680249727,269.295980880013,50.1829082397529,0.0715264315931079,-0.118223342585871,0.189749774178979,4
78,-292.207070434169,62.7398356012966,-507.35100681608,-110.484468325466,215.143936381911,173.224303926763,276.21291213992,51.1605324825363,-0.0648806859265643,-0.0921864335100531,0.0273057475834888,1
79,-303.5362370369,63.5954552299226,-515.480550558168,-102.722678073459,211.944313521268,166.318133303382,269.410678146808,51.8778144155326,-0.0372725848490104,-0.0267459310588372,-0.0105266537901732,1
80,-318.560151868072,67.9125132967735,-499.302177464619,-96.668276039379,180.742025596547,164.580789336152,244.447368640478,47.679508659948,-0.0494281847858217,0.0532263144318937,-0.102654499217715,1
81,-335.873034008699,73.3180599771671,-455.996595075248,-96.6161200635029,120.123561066549,169.93418004067,208.104049622788,35.2558360404757,-0.0569588118169147,0.142473939226434,-0.199432751043349,2
82,-356.072449402973,79.7067676058534,-386.820935654492,-86.7955150037186,30.7484862515193,166.502282609572,169.317688151468,10.4631047745465,-0.0664554111157645,0.227585640291035,-0.294041051406799,2
83,-388.000142601929,84.9258657907889,-324.217609628187,-85.0373156262887,-63.782532973742,169.963181417078,181.537033549524,-20.569739570362,-0.105041058669257,0.205962879968879,-0.311003938638136,2
84,-426.380947084419,83.2498940538957,-286.387482855518,-88.5801598860423,-139.993464228901,171.830053939938,221.638754426681,-39.1704095222633,-0.126271582174636,0.124459870653083,-0.250731452827719,2
85,-461.94844110538,81.1057549366251,-278.829685445139,-87.4532702834919,-183.118755660241,168.559025220117,248.88676874778,-47.3707354310439,-0.117015883449304,0.0248649044654416,-0.141880787914746,2
86,-488.847563611871,78.9718438256591,-300.386586655326,-90.7804563049764,-188.460976956545,169.752300130635,253.64026343437,-47.9897137716518,-0.0884972267726588,-0.0709214947236054,-0.0175757320490534,3
87,-499.221703993209,69.3081841495372,-310.83838797935,-98.511993537091,-188.383316013859,167.820177686628,252.293253558531,-48.3039396623431,-0.0341305800468809,-0.0343860819895396,0.000255501942658666,3
88,-486.939984628238,63.358722300686,-342.74491943263,-109.94807889683,-144.195065195608,173.306801197516,225.449471430032,-39.761199986941,0.0404064520520218,-0.104971437223224,0.145377889275246,3
89,-401.413984380209,61.7366421615213,-380.339859130719,-120.901521263384,-21.0741252494894,182.638163424905,183.84998638633,-6.5820966664514,0.281377722900879,-0.12368611292667,0.40506383582755,4
90,-335.661933354213,62.3393590541975,-411.242091611569,-123.209453447406,75.5801582573556,185.548812501604,200.351496482962,22.1626903903001,0.216322081473504,-0.10166732669362,0.317989408167124,4
91,-298.087151115178,64.3864839176885,-443.984178935555,-123.805056855157,145.897027820377,188.191540772845,238.121814929413,37.7849242518935,0.123619795550531,-0.107720388507907,0.231340184058439,4
92,-283.105537668617,60.3792417179045,-478.900851546158,-123.162271886338,195.795313877541,183.541513604243,268.371556154041,46.8501946829852,0.0492890146242017,-0.114874702452526,0.164163717076727,4
93,-296.677794105731,62.9837310936544,-508.856054067567,-116.166640004231,212.178259961836,179.150371097885,277.694921568513,49.824294327439,-0.0446522764986908,-0.0985516293298543,0.0538993528311635,1
94,-308.633047720413,65.312571340567,-523.355490247839,-101.95565253989,214.722442527426,167.268223880457,272.184470617018,52.0815020504,-0.0393323904899805,-0.0477026673049121,0.0083702768149316,1
95,-331.801953231875,72.3987294057992,-507.252068976151,-95.3574281282349,175.450115744276,167.756157534034,242.744457208118,46.2842349965288,-0.076224935762396,0.0529797254074871,-0.129204661169883,1
96,-362.723360919716,84.2055941427913,-438.255297655684,-91.2542078242683,75.5319367359678,175.45980196706,191.026740466894,23.2909114686438,-0.101730412492839,0.2269971043351,-0.328727516827939,2
97,-397.620782329755,94.42594451974,-361.859348746456,-79.3054093453257,-35.7614335832989,173.731353865066,177.373795831632,-11.631486892639,-0.114811366636959,0.251340154813632,-0.366151521450592,2
98,-441.712909272041,94.0412608764152,-300.851276356622,-74.433849874197,-140.861632915419,168.475110750612,219.603876491353,-39.8989141861218,-0.145061644890411,0.200714548065391,-0.345776192955802,2
99,-481.695451818161,90.3469781329471,-284.66390386433,-67.5550474770266,-197.031547953831,157.902025609974,252.496496175324,-51.2911471137698,-0.131541247629829,0.0532559221572433,-0.184797169787073,2
100,-517.919513267636,88.5370713355228,-308.284410112958,-66.7173855325908,-209.635103154678,155.254456868114,260.865526377261,-53.4765813924071,-0.1191759686565,-0.0777106873083097,-0.0414652813481899,3
101,-542.80484261584,82.4395909908008,-329.605830838537,-69.4798714001141,-213.199011777302,151.919462390915,261.788734814856,-54.5274244602362,-0.0818719136324531,-0.0701467716878681,-0.011725141944585,3
102,-515.426784850743,74.2512178207669,-365.492184175201,-78.2231975291607,-149.934600675543,152.474415349928,213.843007405051,-44.5188065417706,0.0900729079934849,-0.118064920092174,0.208137828085658,4
103,-420.64156501953,85.7202110462793,-404.63033420284,-89.4568450163136,-16.0112308166902,175.177056062593,175.907249660218,-5.22233967513707,0.311840250256302,-0.128763224065116,0.440603474321418,4
104,-329.927260649104,85.4967250356316,-435.211337661697,-94.216540407351,105.284077012593,179.713265442983,208.282487618555,30.3636817619933,0.29844707251905,-0.100610493795134,0.399057566314184,4
105,-290.525320913429,73.3010249749612,-468.758062035001,-98.2749191717944,178.232741121572,171.575944146756,247.39687673364,46.0901968924925,0.129631083513196,-0.110367617888939,0.239998701402135,4
106,-289.424181934849,71.7562171550026,-498.766409834707,-101.614201833455,209.342227899858,173.370418988458,271.81146142558,50.369551968471,0.0036227109591439,-0.0987264755444167,0.102349186503561,4
107,-306.356405841218,74.8226183630449,-509.864783291493,-103.246492067792,203.508377450275,178.069110430837,270.414991784985,48.81418961727,-0.0557064587681528,-0.0365132830030367,-0.0191931757651161,1
108,-321.837567906508,75.9959426238993,-488.568530978231,-104.891271858647,166.730963071722,180.887214482546,246.006907240587,42.6680001717158,-0.0509325131206676,0.0700639684405968,-0.120996481561264,2
109,-343.556276724874,80.5877383449957,-420.863047065009,-102.496547121729,77.3067703401352,183.084285466725,198.736489667307,22.891751216476,-0.0714538364232675,0.222748811310667,-0.294202647733935,2
110,-381.011788443552,84.2188077435966,-358.011630622983,-99.3879851555681,-23.0001578205694,183.606792899165,185.04178354763,-7.14016624886236,-0.123227399468289,0.206779089262505,-0.330006488730794,2
111,-418.158103722886,80.9709647420973,-314.186083218578,-104.915112543557,-103.972020504308,185.886077285655,212.987827765806,-29.2196790815996,-0.122210153370265,0.144184606994062,-0.266394760364326,2
112,-453.907101184206,73.3014941001162,-302.516996211972,-99.5370563376658,-151.390104972233,172.838550437782,229.765376854167,-41.2152713432714,-0.117613023787902,0.0383909117780417,-0.156003935565943,3
113,-483.814324364859,62.1701787506313,-323.375555968978,-104.673111534529,-160.438768395881,166.84329028516,231.467669270603,-43.8789326055114,-0.0983937788795931,-0.0686239743516301,-0.029769804527963,3
114,-495.408938767155,45.0180072932844,-335.431914818053,-112.915514032117,-159.977023949102,157.933521325401,224.801346414679,-45.3682874474525,-0.0381458993635908,-0.0396650233799135,0.00151912401632267,3
115,-487.230168378072,34.5273657645424,-349.79069016127,-117.449191253994,-137.439478216801,151.976557018537,204.906037138282,-42.1245067584847,0.0269078851055288,-0.0472398977855012,0.07414778289103,3
116,-418.203236478733,45.4172413644285,-368.725562119633,-124.742727063262,-49.4776743591,170.15996842769,177.207378839871,-16.2129267327641,0.227096331645855,-0.0622951048758608,0.289391436521716,4
117,-359.355664898674,53.8635469591159,-389.785244321178,-130.426879722985,30.4295794225038,184.2904266821,186.785761423351,9.37594028035004,0.193606571585522,-0.0692856605675712,0.262892232153093,4
118,-307.8859365833,54.0432661975379,-409.766643935755,-131.414532393327,101.880707352456,185.457798590865,211.599323223886,28.7820661896823,0.169333710330278,-0.0657381463837573,0.235071856714036,4
119,-285.3831789621,45.5042188210482,-434.798956564627,-133.521758309749,149.415777602527,179.025977130797,233.185280590788,39.8485068626639,0.0740333311517097,-0.0823554837830402,0.15638881493475,4
120,-282.725677403806,47.0424751825054,-464.490325925499,-137.45997959401,181.764648521693,184.502454776516,258.997187766151,44.5717283352537,0.00874309256728736,-0.0976836269244757,0.106426719491763,4
121,-309.647719546838,50.3159601522657,-484.186022018054,-134.968782758496,174.538302471215,185.284742910761,254.546763847118,43.2893182698461,-0.0885726316217215,-0.0647981912096774,-0.0237744404120441,1
122,-332.137655903662,55.2318031340745,-476.91372486098,-130.276493308031,144.776068957318,185.508296442106,235.315613998702,37.9695127118948,-0.0739911496143504,0.0239256180387429,-0.0979167676530933,1
123,-363.488980600567,65.1200330007864,-408.139439834237,-118.778910980496,44.6504592336698,183.898943981282,189.241869329196,13.6472672691675,-0.103144825287729,0.22626513175924,-0.329409957046968,2
124,-400.881249684503,74.1548738533497,-344.389096114503,-106.116392154089,-56.4921535699993,180.271266007438,188.915570461783,-17.3995841844052,-0.123019333283706,0.20973653038826,-0.332755863671966,2
125,-438.965108048876,71.6739197478658,-299.550054229389,-101.675204829776,-139.415053819487,173.349124577642,222.455560108812,-38.8077840385154,-0.125294639229829,0.147518970442925,-0.272813609672754,2
126,-479.867025543258,63.0810062974127,-291.82033090727,-94.171898944016,-188.046694635988,157.252905241429,245.132689722098,-50.096151356446,-0.134565960917995,0.0254305350504439,-0.159996495968439,2
127,-512.885795535696,51.680771593309,-313.799504344813,-99.5872588080069,-199.086291190882,151.268030401316,250.034734310324,-52.7720168648857,-0.108630665370957,-0.0723107564385615,-0.036319908932396,3
128,-524.809230148787,34.9001026130663,-321.047225190312,-104.371123741394,-203.762004958475,139.271226354461,246.810512650845,-55.6474133928515,-0.0392277070231203,-0.0238447627834046,-0.0153829442397158,3
129,-513.628631314618,23.3717599616517,-334.960163652333,-109.675971557151,-178.668467662285,133.047731518803,222.764719376944,-53.3263218057036,0.03678380178546,-0.0457731091358224,0.0825569109212824,3
130,-449.82625702368,38.0794801717874,-356.059495914484,-115.683067909313,-93.7667611091964,153.7625480811,180.097547682642,-31.3754795964689,0.209907709253214,-0.0694161079605719,0.279323817213786,4
131,-389.057945220112,54.4546051656461,-380.928637974936,-123.8414030519,-8.12930724517616,178.296008217546,178.481237620646,-2.61056118340356,0.199925743636218,-0.0818186579890917,0.28174440162531,4
132,-322.437806494641,64.8988005860865,-398.942496424329,-125.138923484452,76.5046899296885,190.037724070539,204.859230085315,21.9285488796199,0.219178061402979,-0.0592650007769534,0.278443062179932,4
133,-291.850830725739,52.7998903688833,-423.414542792468,-122.310941026217,131.563712066729,175.110831395101,219.026970039447,36.9181538056508,0.100630142498407,-0.0805122262449113,0.181142368743319,4
134,-277.1076388291,48.4056112504832,-441.859305567923,-118.8405781937,164.751666738823,167.246189444183,234.764562012285,44.5695064570088,0.0485046155804836,-0.060682661812236,0.10918727739272,4
135,-295.252985904591,54.4600808492701,-454.030334292605,-114.048278074695,158.777348388014,168.508358923965,231.528212942562,43.2969570165717,-0.0596975940245198,-0.0400422834925108,-0.019655310532009,1
136,-322.70709452932,62.0475037141686,-466.168746247596,-109.753706029899,143.461651718276,171.801209744067,223.823370502861,39.863382941328,-0.0903231128159489,-0.0399349753948878,-0.0503881374210612,1
137,-356.003253446307,73.0060074026571,-466.961711918878,-99.2950320903682,110.958458472571,172.301039493025,204.937619086849,32.7807334852962,-0.109543265793301,-0.00260883093184439,-0.106934434861456,1
138,-387.447680791016,84.5231285868133,-395.578394467454,-96.8317548441778,8.13071367643806,181.354883430991,181.537054755101,2.56703221848975,-0.103451129931451,0.234848762473904,-0.338299892405354,2
139,-428.518070659624,87.4542230243774,-336.573804200416,-91.7991899147616,-91.9442664592084,179.253412939139,201.458517280981,-27.1546011731542,-0.135120229478364,0.194123157892225,-0.329243387370589,2
140,-476.135100025765,84.4164385666489,-301.265004715544,-89.1595039996023,-174.870095310222,173.575942566251,246.390255634367,-45.2127995192095,-0.156658457726227,0.116164786949054,-0.27282324467528,2
141,-516.500888908416,78.6401451086816,-302.632822906246,-87.4474108261373,-213.868066002171,166.087555934819,270.785202498051,-52.1674850646896,-0.132802115449796,-0.0045000767804651,-0.128302038669331,2
142,-540.908839967921,68.0141868756416,-323.621848625408,-90.5372319223412,-217.286991342513,158.551418797983,268.983622195729,-53.8822694617666,-0.0803013547913204,-0.0690532030685253,-0.0112481517227951,3
143,-541.950725609222,61.1453510088196,-342.813444211858,-95.9903853997862,-199.137281397364,157.135736408606,253.667689111183,-51.7236482058173,-0.00342776943177706,-0.0631397171537238,0.0597119477219468,3
144,-464.693448011847,63.3072219828009,-379.710765647505,-104.733786447439,-84.9826823643418,168.04100843024,188.307824627897,-26.8269033977659,0.254173897818534,-0.1213909718284,0.375564869646933,4
145,-379.103634550339,60.9164364103947,-422.131367582998,-109.767286556805,43.027733032659,170.6837229672,176.023632208501,14.1489152332303,0.281587666270705,-0.139562382691555,0.42115004896226,4
146,-308.854776914983,57.883384656478,-459.647183771322,-109.930176440047,150.792406856339,167.813561096525,225.609710015825,41.9419465711982,0.231116427057277,-0.12342579918651,0.354542226243788,4
147,-290.425455486708,54.4147533713285,-496.151015399139,-105.119784662204,205.725559912432,159.534538033532,260.334928173029,52.2074018752664,0.0606318602887794,-0.120096403325362,0.180728263614141,4
148,-306.449908048707,60.109779390677,-520.170194553647,-94.8017793470999,213.720286504941,154.911558737777,263.958238921087,54.0641529775094,-0.0527199209544742,-0.079022308033158,0.0263023870786838,1
149,-308.281260882953,64.1663982947789,-517.53504253649,-84.1833862337247,209.253781653537,148.349784528504,256.504977936023,54.6653903387637,-0.00602509048516075,0.00866956331331981,-0.0146946537984806,1
150,-320.320618190758,71.2357974652384,-483.119679807032,-79.3777567989099,162.799061616274,150.613554264148,221.783626968311,47.2265429759217,-0.0396090888693026,0.113225409460744,-0.152834498330046,1
151,-342.383308483383,79.2317594781288,-417.979189405592,-86.8249300403828,75.5958809222097,166.056689518512,182.454271932044,24.4769933026506,-0.0725855241400607,0.214310067168446,-0.286895591308507,2
152,-358.497025737255,83.7102039056155,-358.157263261722,-90.3769028148696,-0.339762475533689,174.087106720485,174.087438274131,-0.111822934706975,-0.0530135988496406,0.196812165997379,-0.249825764847019,2
153,-379.168202697154,82.6536598063928,-310.507299739305,-92.6967940638802,-68.6609029578491,175.350453870273,188.313837164182,-21.3835163605662,-0.0680074911230471,0.156766810015255,-0.224774301138302,2
154,-400.2263586846,81.7254514875134,-281.298188205979,-89.1288470018948,-118.928170478621,170.854298489408,208.170845811079,-34.8409843024231,-0.0692806393734692,0.0960970145613076,-0.165377653934777,2
155,-423.038020170079,81.5392410471622,-286.526866240075,-87.2804208908709,-136.511153930004,168.819661938033,217.106824867789,-38.9597375315961,-0.075049614687407,-0.0172021784574186,-0.0578474362299884,3
156,-438.70389569357,75.9227084557776,-304.878876148179,-95.727878638849,-133.825019545391,171.650587094627,217.65353180285,-37.941270679111,-0.0515402143121986,-0.0603775079346794,0.00883729362248076,3
157,-445.711389765046,70.6743583199823,-326.6303215378,-102.324804108008,-119.081068227245,172.99916242799,210.021453692065,-34.5409274669679,-0.0230544246118732,-0.0715615386640916,0.0485071140522184,3
158,-438.748260270878,64.2219171123292,-356.685611953464,-111.212084305696,-82.0626483174144,175.434001418026,193.678514818778,-25.0687520668806,0.0229084666142561,-0.0988809152042486,0.121789381818505,3
159,-365.102370092824,68.7846702359281,-391.551455447508,-118.903679185243,26.4490853546845,187.688349421171,189.542793649727,8.02131558781002,0.242292552197151,-0.114707476333769,0.35700002853092,4
160,-316.260106676517,76.7119842763335,-428.16579754561,-123.374588685887,111.905690869092,200.08657296222,229.254270033635,29.2176897203905,0.160689437382194,-0.120459979131492,0.281149416513686,4
161,-306.348489319062,75.4364165665299,-467.080753277813,-120.760029642403,160.732263958751,196.196446208932,253.629466313203,39.32575583184,0.0326088945375421,-0.128028922186949,0.160637816724491,4
162,-325.237903768565,79.5364915917367,-505.10321803277,-116.131331380983,179.865314264206,195.66782297272,265.777027265799,42.5904038505603,-0.0621455511694492,-0.12509265627765,0.0629471051082004,1